1 2
2860 1108 3440
1508 8951 2939 1694 9638 805 2857 2035 7638 1470 7846 2135 4524 6555 1228 3938 1317 6711 7890 3966 9483 5630 1725 2264 4865 825 7803 2909 9598 1155 5578 2616 3501 5865 2319 1208 1129 4444 775 479 8357 1882 5103 9822 8162 6790 1632 3974 5557 8896 9788 9948 1907 594 8156 2290 5952
1048
107 51 7595 8596 6513 10085 477 5261 1640 552 5658 2372 2622 7713 10568
1961 2600 11533 284 10460 6010 7712 4245 7963 11381 2347 3523 4298 862 6854 4519 11643 6759 5142 9067 11878 8321 11858 6113 8149 10839 9523 2200 9320 10161 7682 11114 8444 984 4878 3092 6230 8520 5913 10843 3281 7698 10697 9192 8102 10242 9135 2043 1584 8692 2180 6118 4968 5402 3968 11817
3806
4507 7617 2263 3709 10258 4165 1420 7303 9703
5234 787 804 4510 965 725 4370 1156 4403 4499 750 1665 4696 2085 2427 2969 845 765 7763 4585 5334 3008 3826 8806 3388 5823 3731 4811 5841 962 6840 6868 6029 6877 7162 2493 5414 764 767 1229 2208 774 6065 78 3556 5943 3906 3740 4916 6088 2265 292 3885 6780 597 378 124 37
408 32 136 354 128 476 296 3250 1368 380 196 1104 1857 9804 9588 4335 629 1504 2635 2375 358 368 1242 7320 308 4124 3506 624 7797 830 7673 628 8347 8657 399 3217 10528 875 6826 451 1044 401 3239 2462 4033 6834 271 760 8318 1313 941 1245 6229 153 6774 1863 6830
2585 10676 8610 1283 11851 11919 9795 6771 3816 9990 9761 11578 8223 3785 9797
2833 4420 183 3413 2851 7994 418 1816 922 469 2194 4240
2970 1005
1845 6225 10390 5727 4110 5693 1384 9355
2577 7475 2769 2223 10816 1490 10298 10419 5629 3626 9541 5368 10977 10303 10437 5966 10057 10962 4722 11388 7434 4859 5628 4588 4994 5093 10428 4715 11106 9475
4004
2746 3044 3587 2640 2594 2679 10883 2110 2749 2984
1530 140 2724 232 663 8190 2699 1685 2454 5443 447 3055 5488 10491 7393 3306 101
10444 4957 7693 3276 9110 11734
6807 409
5822 1809 1652 3557 3462 4018 3801 1405 5289 4194
6957 7998 3393 2459 4518 4295 4043 652 7049 5060 4676 7651 6134 5542 7561 3292 1423 6096 983 7095 4532 1755 3726 9508 6970 4664 3808 4200 1339 6574 7926 9049 6669 4821 1387 8346 9589 5700 5768 8397 2821 1153 4902 5191 8932 6361 2470 5600 8751
10687 10958 1743 883 2694 6346 12009 5835 1100 5995 6375 1250 1501 6394 3179 3207 10756 3409 5959 1876 2104 2748 944 6642 8894 7035 6404 2168 493 4759 3596 6102 9345 2975 6214 709 1980 4707 9054 6492 1446 6539 3807 2658 1358 8550 9582 126 8785 8066 9347 2082 1507 7151 7988 6978 6483 2607 7652
2298 3029 5672 9427 3861
9926
510 7282 4118 10039 6 1212 6094 10122 743 295 9074 1859 1225 1527 1669 4412 7551 1192 407 615 2804 1987 3833 5859 1073 889 1879 1147 25 9053 504 3783 298 700 458 199 2071 3586 8460 1085 1145 10783 7370 4012 302 7869 8083 10191 11570
5050 1337 10791 5983 1400 2475 8560 675 6045 9599 9613 1243 5615 3544 2787 7863 2782 2805 9193 11848 8761 8926 3100 2435 5341 11125 4955 6954 4783 1128 4311 9550 11619 803 7826 8025 8295 5024 2343 8715 11941
11603 6367 4313 3449 6211 10778 7853 2166 6087 10082 10418 11332 10721 10228 4656 2656
2282 35 2179 1306 290 3178 381 8616 7680 4624
3635 585 5253
7197 10800 5111 5115
3465 5928 10675 8132 4506 2967 6541 3233 198 9022 8113 1623 4163 19 10772 8189 122 46 6777 3261 11059 1300 9709 323 4079 8105 4107 3087 7322 4382 2888 7862 10461 5793 2285 7348 6454
6578 414 1426 264 5377 5818 2760 3893 439 4432 4666 3706 4223 2129 1494 2402 3079 3494 317 882 4522 4556 2793 2345 100 8928 9018 649 8165 4611 5887 6985 2289 398 5171 5951 9070 3077 1497 10399 8961 8713 9163 8638 60 7318 6679 1417 4177 3886 8857 9657 8898 9837 3164
1686 70 7172 9447
3528 3490 3614 8040 8013 3196 1389 2819 4053 4949 6164 6003 5000 5407 6686 6037 1959 4312 4681 1918 1476 7119 2170 4603 3959 6222 5536 6099 4766 7664 5908 5282 5140 3963 2982 8235 1791 8603 5243 6475 4171 3047 3599 4099 8548 8816 5254 7814 9462 8628 3703 2171 8939 9150 9762 1531 6311 4928
7142 5941 2998 3541 6044 4345
5151 3660
7702 3378 4158 4574 5528 9017 11161 5868 3236 6391 4669 9741 7066 6820 9155 7735 6518 8134 8490 2727 5156 7866 7694 10971 8303 7786 11877 10664 5776 11568 9289 9215 11338 8027 6685 1138 2138 11453 5187 10034 1386 9879 6348
9861 5681 3747 5351 3522 7756 4496 5301 5563 2141 5513 5458 1121 5559 5263 4938 5028 7428 2292 2855 4323 3218 4258 3302 1673 6091 3753 1558 4633 3846 9450 9521 5095 6730 5670 2917 1376 3645 2251 7255 3539 5201 3134 7005 1688 3822 5018 4657 9293 2049 4799 6129 9700 4622 3621 3957 6193 7648
4256 4003 4857 2580 8936 9091 6034 4562 6816 6683 2963 6560 5579 5684 5784 3725 5922 6188 3689 3738 557 3441 6089 6838 4553 6631 4202 4843 1035 9235 6997 4854 4125 5264 6097 6695 2878 4600 4336 2421 8763 2346 4552 5483 6280 3768 6533 4290 6413 6456 8853 6319 3173 784 5134 4810 6443 9118
10064 7931 5795 744 1013 893 2770 539 5192 4523 7970 2566 797 2797 581 939 5577 391 1056 1120 7047 1551 4803 7573 4566 2277 1993 213 56 9547 8136 6191 7961 4161 9126 438 8531 6353 2925 4104 1154
4936
2973 6323
1677
8752 3824
6447 6587 2093 1714 2173 2000 2182 1309 8336 10189 7696 2131 1670 5246 2954 2927 8193 7085 6768 3929 4710 1457 2839 6237 4062 9499 3005 7392 3180 4114 9104 103 7336 4131 7836 3200 9579 6445 9096 6567 721 9544 9487 3401 3018 4275 8646 1008 6570 10432 8913 9485 5107 5640 3524 5227
386 741 441 1398 6653 332 11133 6495 6104 6540 7155 8428 6824 10653 7305 6700 9624 10061
641 10411 6176 5607 10080 6320 9798 7725
10944 4999 3069 10604 9522 10903 6023 11617 2034 10894 10358 6729 5511 9652 10367 7822 9616 9569
5760 5210
3078 3215 6931 8996 749 21 9463 5126 1920 4713 2137 7271 4215 5021 2496 5649 7280 2072 4360 2094 6537 5395 1554 6822 6703 849 673 4328 3911 3369 431 2831 1731 256 1964 2826 5398 5736 5948 3761 5633 8612 5312 209 3928 4364 3895 5666 8465 6712 5087 4490 4956 3924 3527 7643 7288 7206
9199
6278 9534 6274 5844 6157 6027 6363 8265 9273 9577 6392 9533 5858 2190 7883 9117 1721 9722 6289 5825 5597 6563 6072 6153 6161 3991 9168 10027 7915 6042 8207 7666 5973 8805 6383 8931 8865 8737 7168 8709 8593 5166 10216
9205
3613
6843
7476 6659
5267
7181
9353 4308
8425 2380 7722 720 2587 8956 8920 8623 8257
3960 2436 1022 449 3854 6243 3847 4488 3856 4775 6971 8424 6336 5556 7580 4204 6916 5912 4001 384 3282 994 6577 6279 6018 6980 4798 7889 1499 6305 3978 6589 5288 6421 4252 4867 1096 9867 5105 7553 6362 9339 3338 6467 8337 704 3943 978
1471 1346 1577
8841 4255 4687 5613 2574 2598 4197 8735 3073 7979
1148 7017 5320 1804 1324 5416 1323 1925 1321 945 2885 6795 2897 1312 2331 2349 7576 2144 5181 45 6198 5946 930 7518 6725 5059 5053 9706 6918 2216 6803 2145 4891 5574 6818 3165 2682 753 3429 4504 3712 2887 3372 4146 5450 6655 5614 687 5125 7446 8135 1074 2543 2891 2960 3584 2650 2258
4269
3351 3151 6259 2419 3049 2325 2471 6196 4778 998 7564 7078 2266
8041
4424 3004 4800 9460
6761 9742
7835 7233 8364
11330 11883 10795 10231 11903 10405 9819 3502 10632 4246 5662 6515 1716 4926 10932 11620 3081 10494 6451 8326 5110 5175 11516
8233 3498 10582 11275 2411 218 8035 8523 9356 2114 10033 2351 5376 4391 2121 10935 4899 8725 4480 5084 7087 8339 7213 7899 9064 8183 8972 7997 4000 8927 5149 9725 2113 9746 7419 6000 9946 7981 2539 6687
8082 8598 634 8079 7251 9254 5582 10169 8143 10105 10251 10130 9983 4825 9322
8958 7973 10096 9486 3356 3466 6378 6422 10890 11316 7289 1975 9512 3821 1768 2185 7840 7986 10234 6453 10898 7056 3967 5332 605 7248 6059 7791 6313 4007 6496 4273 5896 9056 6746 10701 9362
10670 9782 8244 1963 662 11890 7868 9376
3811 8285 4937 2740
527
9164 10923
4962 9718
9060 9105
5853 5852 816 3890 6005
9811
5860
8173 1139 118 55 3901 6298 6041 1663 739 2959 4 3193 4448 604 400 30 2913 1175 3260 3367 4942 163 7026 463 7031 9181 331 415 1125 524 9132 8448 5801 7934 4888 3608 6179 2477 2584 520 1180 6081 7952 5046 5019 6775 540 7893 259 2726 5932 9829 6128 4357 6284 7659 8705 6228
3642
9919 9368 8574 2388 9546 10573 7130 10071
7023 9857
6433 9695 5276 161 4835 112 8061 4264 10302 8823 4225 1935 5371
8019 8824 9307 7302 10926 11064 8947 10735 6139 10000 7917 6168
1571
2653
8180 618 2341
3262
1784 9492 9818 7563 9009 8854 8901 6401 4175 7300
5573
11205 9667 10019 9664 9671 1370 9528
1278 3067 3412 921 1480 365 4172 1399 2753 4460 1151 925 840 2155 4471 1071 2976 2408 2912 1459 2758 4306 874 2369 2370 6067 1481 3446 5694 3659 2302 5794 7454 2620 2240 192 4133 349 497 3103 892 598 4537 4072 3896 3237 3234 464 1902 653 4036 4621 7923 1258 3278 7481 505
5489
3238
960 846 1315
7327
7073 8600 1995 7634 3253 3878 3868 10803 708 9330 3071 4002 2433 10327 5193 4608 5358 4384 8320 5737 8375 7780 9263 8769 6521 2463 4541 4084 6693 4017 7920 6143 8848
5226 9953 9954 9955 9956 9957 9958 9959
8116
6327
3646
8361 6039
8085 3428 6281 3907 10395 10657 10103 5755 3617
1952
10126 10090 10070 10142 10336
7187
5473 5568 3817 9821 3780 7299 2078 5775 8537 10433 11576 7427 3880 9698 4981 8489 7857 8793 2048 4705
1374 2807 7071 11461 6772 8969 5695 10660 8608 7884 3520 3325 11325 4462 3777 9656 10822 5891 1905 2904 7473 7828 1891 8727 1485 4631 8503 10776 4747 9945 7724
7874 4500 5047 9838 9480 9313 4195 4708 6282 10583 8514 7782 5722 7951
10864 5214
6491 6337 5139 6792 6073 5851 8859 7118 7242 6553 6247 6649 6743 4736 6350 5686 6236 1613 6218 6871 9279 5916
2466 3086 2424 7269 7484 59
10886 10603 565 8477 12088 10649 10026 6758 12089 529 11049 9812 10651 5092 6992 8581 10008 9448 9381 10053 8651 11085 10586 11752 5240 10521 12091 7827 8845
4871
10914 5994 10650 186 6108 7539 10077 3722 9517 3297 62 10793 5668 1443 457 763 3403 3038 131 10063 4008 6148 617 3251 184 6733 6608 6354 8567 2971 7113 3858 843 9425 9719 6485 467 9504 9505 7601 10356 3865 3145 10818 4049 285 3851 8293
9037 4338 1942 10689 7179 2084 1217 3415 5106 1428 3793 4207 1990 4482 3980 4363 3997 6122 1930 1671 5914 6380 6071 3933 6547 4016 7878 4641 6580 4806 4406 6121 2554 1383 5969 7136 4064 932 1436 5340 9680 1837 4242 4661 4649 6080 4182 10470 4063 5635 4006 1163 2219 3615 1247 1338 1114
9285 6384
8313
10342 3994
10180
1560 2262 2334 2062 1883 2083 1962 2648 2167 3576 800 2033 2444 3812 1458 580 1271 2414 2276 2169 1752 3080 3921 7969 2231 2514 1801 1909 2230 9498 2115 1222 9481 7517 7176 1775 6682 2377 1856 2457 7214 5514 2503 1496 151 2229 6221 1342 8561 8084 9300 7366 8139 8992 6628 1088 8569 1159 3088
1776
3419 6640 3021 2117 8057 3406 4162 2527 6138 4733 7955 5453 6187 7738 7692 3915 6479 5689 3630 4123 6340 6441 5925 3995 5885 9219 9194 6321 3625 3892 5353 3104 5476 6370 5365 5821 7993 4568 3778 6012 7819 6371 6696 6583 3891 2950
8873 4228
10889 9166 10857 1452
10544
8968 10149 7701 10151 5400 10646
4607 8570 8699 7379 6798 1697 8880 1865 5862 1062 7908 9653 9141 9595 2662 7544 11505 6890
7858 7714 3488 2425
9152
7500 10976 10974
9753 8291 2452 9457 9059 11178 1362 8662 8770 10967 5217 206 7287 7249 5338 7672 11718 7278 8624 8767 7865 3988 7880 7879 4547 8835 6339 9621 6163 692 9283 9136 9560 6849 9335 6297 9079 10981 7051 7817 9206
8204
11684 5934 3592 11813 11644 9237 7859 7839 6301 7339 6224 10648 10598 3634 8290 10322 9618 2505 9947 2547 9374 1466
3497 7744 3638
6172 6181
3072
2871
10754
11744 11745
11231
7222
9137 8088 11263 11604 11157 11346 8807 8724 4615 11044 8852
7259
10478
10682 10563 11762 11274 10262 11328 9597 2836 1359
10948 10177
4034
11102
11559 3496 10849 11788 5155 6480 10254 11537 4415 6654 8938 10584 5071 7281 10484 10355 9389 9845 10707 5882 5212 8524 9920 5526 8387 9985
1937 1747 4141 7506 6591 3248 5786 3489 961 3511 2608 2342 328 9002 1568 1301 1849 3452 7741 1357 1537 1517 7418 2934 1280 651 1737 2538 1492 5333 1922 2516 2119 8311 1668 2359 2978 2123 2873 3439 2361 2781 2670 2692 312 2089 1475 7252 4140 4691 1733 762 2012 2272
10785
11452 10907
4763
6690 52 550 321 9573 2120 95 2626 31 173 29 6355 8517 8821 326 197 9648 1451 3190 47 93 6276 7122 8230 8406 15 1026 375 608 2478 4238 73 330 216 142 822 4618 339 10452 2157 4844 306 9188 4584 2063 425 2045 8063 4836 521 10878 188 1606 8693 1124 8408 6248
10633
7687 7540
3231
8256
11518
10798
9524 6862 4377 2734 7498 1662 2387 1410 8677 2247 2553 6937 3545 6300 668 4154 3007 5184 2850 2747 4847 3116 759 4341 4546 1722 3279 9988 2786 3948 6880 7980 10301 7403 1583
11260
8443
11365
8755 8058 9408 8576 9221
11743 11343 11778 11026
10029
2074
11358 345 8017 10610 10550 9261 322 2815 11840 10453 10451 10606
8555
10238
11506
11474
10823 9707 10928 10927
8829 11502
11988 2488 11754
7948 9611 7153 9535 5478 11074
669 1224
10445
1626
11917
10513 5743 9928 5527 6965
9864
2449
11234 11318
10114
11703
6246 8832 5713 9016 6832 5929 5808 6358 2557 3818 2403 6054 5980 1991 5876
12004 11985 12095
10364
1252
2314
10570
5089
2209
4808
972
10088
