1 2
2002 2132 5309 4025 2860 1108 3440 896
2026 8951 2939 1694 9638 2857 5126 1920 7638 1470 2085 7846 1445 6555 1228 3938 1317 6711 1725 8996 2264 4865 3369 825 3544 6977 2909 9598 2831 1155 5578 5736 2616 5395 2319 9487 3215 4444 775 479 4955 8357 1882 9822 7643 4490 1632 8896 9788 9948 1907 594 8156 7206 2290 5952 1008
1048
7595 6513 10085 8098 1640 10508 5658 2372 2622 7713 10568
1961 2600 11533 284 10460 7712 4245 2347 6690 3523 4298 862 6854 4519 11643 6759 5142 9067 11878 8321 2778 11858 6113 8149 10839 9523 2200 8644 9320 10161 11054 7682 8444 984 4878 5521 3092 8520 5913 10843 3281 7698 4992 10697 9192 8102 10242 9135 10812 1584 5657 8692 6118 4968 5402 3968 3089 11817
3806
4507 7617 2263 3709 2862 4415 10258 4165 1420 7303 9703
5234 787 1129 804 4510 965 725 4370 805 1156 4403 4499 750 4696 2427 2969 845 412 765 4585 5334 3008 3826 8806 3731 4811 5841 962 6822 6840 6868 6029 2493 5414 764 1229 774 6065 78 3556 5943 3906 3740 4916 6088 292 3895 3885 6780 597 3974 3527 378 124 3030 37
408 684 32 136 354 128 476 296 3250 1368 781 380 196 1104 1857 9804 629 1504 2635 2375 358 368 7673 1242 7320 308 4124 3506 624 7797 830 628 8347 8657 399 3217 875 6826 451 1044 401 3239 616 2462 6729 4033 6834 271 760 8047 941 1245 6229 153 6774 1863 6830
2585 10676 8610 1283 3354 1676 11919 9795 6771 3816 9990 9761 11578 8223 4466 3785 9797
242
2833 4420 183 3413 2851 7994 418 1816 922 469 2194 4240
2970 1005
767 897 1022 449 2284 930 2314 2742 4775 384 994 1499 986 1096 704 687 3338 8337 1124
1845 6225 10775 5727 3518 4110 5630 10390 5693 4063 1384 9355
2577 7475 1871 2769 11275 2223 10816 1490 10298 10277 10419 2390 5629 3626 9541 5368 1138 10977 10303 10437 5966 7342 10057 10962 4722 11388 7434 4859 5628 4588 4994 5093 10428 11106 9475 7652
4004
2746 3044 3587 2640 2594 2679 10883 2110 2749 2984
1530 140 2090 2724 232 663 8190 2699 1685 2454 5443 447 3055 5488 10491 7393 3306
10444 9170 4957 7693 3276 5217 5099 3988 9110 9491 11734
6807 409
5822 1809 1652 3557 3109 2959 3462 4018 3801 1405 5289 4194
6957 3393 4626 1018 2459 4518 6094 4043 652 7049 2821 5060 4676 7651 6134 5542 4458 7561 3292 1423 6096 983 3954 7095 4532 3726 4295 9508 6970 4664 3808 4200 1339 8835 6574 7926 9049 6669 4821 1387 8346 9589 5700 5768 1153 4902 5191 8932 6361 2470 5600 3259 8751
10687 1743 883 2694 6346 5835 1100 6375 1250 1501 6394 3207 10756 3409 5959 1876 2104 2748 944 1252 6642 8894 7035 6404 2168 493 4759 3596 6102 9345 2975 6214 10699 709 1980 4707 9054 6492 1446 3834 2658 1358 8550 9582 8785 8066 9347 2082 1507 7151 7624 7988 6978 6483 2607
2205
2298 745 569 3029 5672 9427 3861 343
9926
510 7282 4118 10039 6 1212 10122 743 295 9074 1859 1225 1527 1669 4412 7551 1192 407 615 1987 5859 1073 889 1879 1147 25 9053 504 3783 298 700 458 199 1132 2071 3586 8460 1085 1145 10783 7370 4012 302 7869 8083 10191
6991
5050 1337 7801 9463 10791 5983 1400 2475 8560 675 4713 6045 4911 9599 3924 2072 4360 7890 9613 9483 1243 5615 2787 7863 2782 2805 5865 9193 11848 7096 8761 8926 3100 2435 5341 11125 6954 4783 1128 4311 1438 9550 10421 11619 803 7826 8025 8295 6806 8162 7998 5024 2343 8715 4576 11941
11603 6367 4313 3449 6211 10778 7853 2166 6087 10082 10418 11332 7663 10721 10228 3607 4656 2656
2282 35 2179 1306 290 8531 3178 381 8616 7680 338 4624
3635 585 5253
7197 10800 7778 5111 5115
3465 5928 10675 8132 4506 2967 6541 3233 198 9022 9342 8113 1623 9810 4163 19 10772 122 46 6777 3261 11059 1300 323 4079 8105 4107 3087 7322 4382 2888 7862 10461 5793 2285 7348 6454
414 1426 264 5377 5818 2760 3893 439 4432 4666 4223 2129 1494 2402 649 1854 3079 4306 3494 317 882 4522 4556 2793 2345 100 8165 4611 5887 6985 2289 398 5171 5951 9070 3077 1497 4069 60 7318 6679 8397 1417 4177 3886 8857 8898 3164
1686 1991 70 7172 9447 2431
3492 8040 8013 3196 1389 2819 4053 4949 6164 6003 5000 5407 6686 6037 1959 4312 4681 1918 1476 7119 2170 4603 3959 5536 4928 6099 4766 5908 5282 5140 3963 2982 1791 8603 3528 5243 6475 4171 3047 3599 4099 8548 8816 5254 7814 3621 9462 8628 3703 2171 8939 9150 9762
7142 3788 3542 6108 7539 3865 3038 6485 7974 5941 6733 2998 3541 6044 4345
5151 3660
8261
7702 3378 4158 4574 5528 11161 3236 6391 4669 7066 6820 9155 7735 6518 8134 8490 10391 2727 5156 7866 7694 10971 7786 11877 10664 5776 9289 9215 8027 6685 11453 10168 5187 10034 1386 9879 6348
9861 5681 107 3747 6129 5351 51 3522 477 7756 5301 5563 2141 5513 5458 5559 5263 4938 5028 7428 2855 4323 3218 4258 3302 1673 6091 3753 1558 4633 3846 9450 9521 5095 6730 5670 2917 1376 3645 2251 7255 5220 3539 5201 3134 7005 1688 3822 5018 552 9293 5261 2049 4799 9700 4622 3957 6193
4256 4857 2580 8936 9091 6034 4562 3163 6816 6683 2963 6560 5579 5648 5684 5784 3725 5922 6188 3689 3738 557 3441 6089 6838 4553 6631 4202 4843 1035 9235 4808 6997 4854 4125 5264 6097 6695 2878 4600 4336 8763 2346 4552 5483 6280 3768 6533 4290 6413 5090 6456 8853 6319 3173 784 5134 4810 6443
10064 7931 5795 744 1013 2770 539 2758 5192 4523 7970 2566 797 5366 2797 581 939 5577 391 1056 1120 7047 1551 8331 4803 7573 4566 2277 1993 213 56 8136 6191 7961 4161 9126 438 6353 2925 4104 1154
4936
2973 6323 5588 7562
1677
5632 5947
8752 3824 4594
425 6447 6587 2093 2000 2182 1309 431 8336 1665 10189 7696 2135 2131 1670 5246 2954 2927 8193 7085 3929 4710 1457 2839 6237 4062 9499 3005 7392 3180 4114 9104 103 4131 7836 3200 6445 8612 9096 6567 721 3401 3018 4275 8646 7295 6570 10432 1714 2650 9485 5107 5640 3524 5227
200 386 741 441 1398 6653 332 7070 11133 7336 6495 6104 6540 7155 8428 6824 7305 11338 6700 10061
8871 641 10411 6176 5607 10080 6320 6131 9798 385 7725
10944 4999 3069 10604 6768 9522 10903 6023 11617 2034 10358 8407 5511 9652 10367 6163 692 9616 9681 10878 9692 9569 8913
5760 5006 5210 66
5731
1508 3078 6931 749 80 21 2173 5557 5995 2035 3501 2137 7271 4215 5021 2496 5649 4524 7763 7280 1208 2094 3388 5823 440 6537 3966 6703 849 673 6877 4328 2209 3911 7162 7803 4376 1351 1731 256 1964 2826 5398 5948 2208 3761 5633 5312 209 2265 3928 4364 5666 8465 6712 6790 5087 4956 5103 7288
9199 8665
6278 9534 6274 5844 6157 6027 6363 8265 9273 9577 6392 9533 5858 2190 7883 9117 1721 9722 6289 5825 5597 6563 6072 6153 6161 3991 9168 10027 7915 6042 8207 7666 5973 8805 6383 8931 8865 8737 8994 7168 8709 8593 5166 10216
9205
3613
2632
6843
7476 6659
5267
7181
9353 4308
8425 2380 7722 2587 8956 9867 8920 8623 8257
3960 49 4496 2436 5089 3854 1121 6243 3847 4488 3856 6971 8424 6336 5556 7580 4204 6916 5912 4001 3282 6577 6279 6018 6980 4798 7889 6305 3978 6589 3692 5288 6421 4252 4867 5105 7553 9339 4657 6467 3943 978 9300 8569 7648
1471 1346 1577
2926
8841 4255 4687 5613 2574 2598 8735 7979
1148 7017 5320 1804 1324 5416 1323 1925 1321 945 2885 6795 2897 1312 2331 2349 7576 2144 5181 45 6198 5946 7518 6725 5059 5053 9706 6918 2216 6803 2145 4238 4891 5574 6818 3165 2682 753 3429 4504 3712 2887 3372 4146 5450 6655 5614 5125 7446 8135 1074 2543 2891 2960 3584 2258
4269 4250
3351 3151 6259 2419 3049 2325 2471 6196 4778 998 7564 3111 7078 2266
8041
1486
4424 3004 2680 7721 4800 4802 9460
6761 9742 958
7835 7233 7173 7590 8364
11330 11883 10795 10231 11903 10405 9819 3502 10632 4246 5662 6515 1716 4926 10932 11620 3081 10494 6451 8326 5110 11887 5175 6644 11516
8233 3498 10582 2411 218 9547 8523 9356 2114 10033 2351 7346 5376 4391 2121 4899 8725 4480 5084 184 7087 8339 7213 7899 9064 7163 8183 8972 7997 4000 8927 7594 5149 9725 2113 9746 7419 6000 9946 7981 2539 6148 6687
8082 9705 8598 634 8079 7251 9254 5582 10169 1590 8143 10105 10251 8602 6351 7753 6926 4825 9322
10136 7973 9486 3356 3466 6378 2185 8457 6422 10890 11316 8958 7289 9330 1975 9512 5324 3821 1768 7840 7986 10234 6453 10898 7056 3967 5332 605 6019 7248 6059 7791 10530 6313 4007 6496 3919 4541 4273 5896 9056 6746 10701 9362
10670 9782 8244 1963 662 8273 7868 9376
2043 3811 8285 4937 2740
527
4644 11381 7427 10724 8537 10190 3039 3516 11576 3880 9478 4981 8489
6968
7895
9548
9259
9164 10923
7313
9986 4962 9718
9005
9060 9105
8690
10096 9588 10935 8928 9018 10528 8961 8713 9163 8638 8318 7601 8035 9657 10399 9837
5853 5852 816 3890 6005
9811
5860
8173 1139 118 55 3901 6298 6041 1663 739 4 3193 4448 604 400 5868 30 2913 1175 3260 3367 4942 163 7026 463 331 7031 9181 415 1125 524 9132 8448 5801 7934 4888 3608 6179 2477 2584 520 9683 1180 6081 7952 167 5046 5019 6775 540 7893 259 2726 5932 9829 6128 4357 6284 7659 8705 6228
3642
7050
10914 10077 9919 10793 9368 8574 10063 8567 2388 9546 9504 9505 10573 7130 10071
7023 9100 9857
6433 9695 5276 161 4835 112 8061 4264 10302 2004 8823 4225 1935 5371
8019 8824 9307 9981 7302 10926 10349 11064 8947 10735 9875 6139 10000 4224 7917 6168
1571
2653
8180 618 2341
3262
1784 9492 8449 9818 7563 8091 9009 6328 6230 8854 8901 6401 4175 7300
5573
11205 9667 7718 10019 9664 9671 1370 9528
1278 3067 435 3412 361 921 1480 365 4172 1399 2753 4460 1151 925 840 2155 4471 1071 2976 2408 2912 1459 874 2369 2370 6067 1860 1481 3446 5694 3659 2302 5794 1755 7454 2620 2240 192 4133 349 497 3103 892 598 4537 4072 3896 3237 3234 464 1902 653 4036 4621 7923 1258 3278 7481 505
5489
3238
5711
960 846 1315
7327
7073 8600 1995 7634 3253 3878 3868 708 2055 3071 4002 2433 5193 4608 5358 4384 8320 5737 8375 9263 8769 6521 2463 4084 6693 4017 7920 6143 8848
5226 9953 9954 9955 9956 9957 9958 9959
8116
6327
3646
10506 8361 6039
4050
7565
3435 3490 10958 3614 8832 3377 2292 8085 2414 3428 6222 5808 6358 6246 6311 3996 4715 1889 6539 7664 2557 6281 8235 3907 10395 10657 3818 2403 9544 8561 10103 5755 9843 3617 1531
1952
10126 10090 10070 10142 10336
6681 7187
5473 5568 9821 3780 7299 2078 5775 10433 9698 7857 8793 8619 2048 4705
10309
1374 2807 7071 11461 6772 8969 5695 10660 8608 7884 3520 3325 8788 11325 4462 3777 9656 10822 5891 1905 2904 7473 7828 1891 8727 1485 4631 8503 10776 4747 9945 7724
7963 7874 4500 5047 9838 9480 9313 4195 4708 6282 10583 1850 8514 6427 7782 10310 5722 7951
9983
397
3073 7769 10864 5214 4197
6491 6337 5139 6792 6073 7228 5851 8859 7118 7242 9932 6553 6247 6649 6743 4736 6350 5686 6236 1613 6218 6871 9279 5916
2466 3086 2424 7269 7484 59
10886 10603 565 8477 10649 10026 6758 9439 529 9621 10382 891 9812 10651 5092 8581 10008 9448 9381 10053 8651 11085 9734 10586 11752 5240 10521 7827 8845
4871
5994 3221 186 3722 9517 3297 62 5668 457 7780 763 3403 4008 617 3251 6608 6354 2971 7113 3858 839 843 9425 9719 467 6008 1313 3145 10818 4049 285 3851 8293
4338 1942 10689 7179 2084 1217 3415 5106 1428 3793 3243 4207 1990 4482 3980 4363 4365 3997 6122 1930 1671 5914 6380 6071 3933 6547 4016 7878 4641 6580 4806 4406 6121 2554 1383 5969 7136 4064 932 4335 1436 5340 9680 1837 4242 4661 4649 6080 4182 10470 5635 4006 1163 3615 1247 1338 1114
9285 6384
8313
10342 3994
10180
1560 2262 2334 2062 1883 2083 1962 2648 2167 3576 800 2457 282 2033 2444 3812 1458 580 1271 2276 2169 1752 3080 3921 7969 2231 2514 1801 1909 2230 9498 2115 1222 9481 963 7517 3467 7176 1775 6682 2377 3088 1856 7214 5514 2503 1496 151 2229 6221 1342 8084 7366 8139 8992 6628 1088 1159
10708 10111
1776
3419 6640 3021 6340 2117 8057 3406 4162 2527 3017 6138 4733 4003 7955 5453 6187 7738 7692 3915 6479 5689 3630 4123 6441 5925 3995 5885 9219 9194 6321 3625 2859 3892 5353 3104 5476 6370 3400 5365 5821 7993 4568 3778 6012 7819 6371 6696 6583 3891 2950 9118
8873 4228
10889 9166 10857 1452
10544
8968 10650 11186 11863 131 7741 10149 7701 10151 5400 10356 1443
11371 4607 8570 8699 7379 6798 5357 1697 8880 1865 5862 1062 7908 9653 9141 9595 10910 2662 7544 11505 6890
7858 7714 3488 2425
9152
7500 10976 10974
9753 8291 9457 11496 9059 11178 1362 8662 8770 10967 206 7287 7249 5338 7672 11718 7278 8624 9579 8767 7865 7880 7879 4547 6339 9283 3098 9136 9560 6849 9335 6297 9079 10981 7051 7817 9206
8204
11684 1967 5934 1034 3592 11813 11644 9237 7859 7839 6301 7339 6224 10598 3634 8290 10322 9618 2505 6248 9947 2547 9374
3497 7744 3638
6172 6181
3072
2871
10754
11744 11745
11231
7222
11079
9137 2452 8088 11263 9222 11157 11346 10345 8807 8724 4615 11044 8852
7259
10478
10682 10563 11762 11274 10262 11328 9597 2836 1359
10803
10948 10177
4034
11102
3833 6362
11559 10849 11788 10254 7727 11537 8938 10584 10355 11728 11691 5882 5212 9920 5526 8387 9985
1937 1747 4141 7506 6591 3248 5786 3489 961 3511 2608 2342 328 9002 1568 1301 1849 3452 1357 1537 1517 7418 2934 1280 651 1737 2538 1492 844 5333 1922 2516 2119 8311 1668 2359 2978 3531 2123 2873 3439 2361 2781 2670 2692 312 2089 1475 7252 4140 4691 1733 762 2012 2272
10785
11452 11454 10907
6832 4763
216 52 550 321 9573 2120 95 326 3203 31 29 6355 8517 972 8821 4742 197 9648 1451 188 93 7122 8230 8406 15 1026 375 608 2478 73 330 306 6276 142 822 4618 339 10452 2157 9140 4844 9188 4584 2063 9709 2045 8063 4836 3706 521 47 1606 8693 8408 655 7984
8323
9016 5876 5929 9044 9624 9444
10633
7687 7540
3231
8256
11518
10798
9524 4377 2734 7498 1662 2387 1410 8677 2247 2553 6937 3545 6300 668 4154 3007 5184 2747 4847 3116 759 4341 4546 1722 3279 9988 2786 3948 7126 6880 7980 10301 7403 1583
11260
8443
11365
8755 8058 9408 8576 9221
11743 11343 11778 11026 11609
10029
1554
2074
345 8017 10610 10550 9261 322 2815 10453 10451 10606
8555 2421
10238
11506
10221
11474
10823 9707 10928 10927
8829 11502
2488 1808
9611 7153 9535 5478 11074
669 1224
10445
7281 6654 2626 3496 6480 9017 5155 5071 8524 3857 10707 11184 9389 9845
1626
9200
11917
10513 5743 5527 6965
9864 10130
2449
11234
10114
11703
11715
10327
