1 2
1108
1508 749 2939 5050 1694 1337 805 2857 663 7638 1470 7846 2135 6555 1228 3938 1317 6711 7890 3966 9483 5630 1725 2264 4865 825 2782 7803 2805 1155 5578 2616 3501 5865 2319 1208 4444 479 11125 8357 1882 5103 9822 9550 8162 6790 3974 5557 8896 9788 9948 594 2290 11941 5952
1048
51 7595 2436 6431 8596 6513 10085 1640 552 7713
2600 12250 284 10460 6010 7712 4245 7963 12055 2347 3523 4298 862 7737 11383 11591 9492 9821 1623 5478 4519 11643 11044 7948 9067 8321 11858 5607 6113 8149 9523 2200 8315 7682 10735 6328 11114 11854 8444 4878 6230 8520 5913 3281 7698 10242 9135 2043 11234 1584 8692 4624 2180 4968 5402 3968 11817
2263 3709 4165 7303
5234 804 4510 965 725 4370 1156 1920 4403 4499 4696 2137 765 7763 4585 5334 3008 3826 3388 5823 3731 962 6840 6868 6029 6877 7162 2493 5414 764 1229 2208 774 3556 5943 3906 3740 4916 6088 2265 292 6780 597 124 8156 37
408 32 128 476 296 12371 380 10570 1104 1857 62 9588 4335 629 1504 2635 358 368 10258 1242 7320 308 3506 797 624 7797 830 7673 8347 8657 399 3217 616 6826 1044 3239 875 2462 4033 6834 271 10185 760 1313 941 8693 6229 153 6774 1863 6830
2585 10676 8610 12230 1283 11851 11919 9795 6771 3816 9761 11578 12427 8223 3785 9797 12553
2833 4420 183 3413 2851 7994 418 1816 922 4240
2970
1845 1384 9355
3778 4003 1490 2577 7475 9486 2769 2223 10298 10419 5629 9237 6340 4722 3626 6441 4843 10977 2421 5966 4125 9219 5368 10057 6838 10598 10962 11388 7434 4859 9947 5628 4588 7993 784 4382 4994 9194 5093 9475 9374 10816
2746 2640 2594 2110
447 7393
4957 11734
6807 409
3557 3462 4018 1405 5289
6957 7047 8291 3393 7561 4518 7961 4295 4043 7049 5060 4676 7651 5542 5694 983 7278 7095 4532 3726 9508 6970 4664 4200 8835 9621 8183 6669 9680 7322 8346 9589 5700 5019 9136 8397 1153 4902 5191 5187 8932 6361 9079 1362 3092 7051 9879 2470 5600
10687 2694 6346 1876 12009 5835 1100 5995 6375 1250 1501 6394 3207 10756 3409 5959 12305 2748 6642 7035 9009 4759 3596 6102 9345 2975 6214 6301 709 9054 1446 6539 3807 2658 126 8785 8066 1507 7151 7988 12150 6978 6483 2607 7652 9439
3029 5672 9427 3861
9926
510 883 7282 10039 6 1212 6094 3233 5934 10122 743 295 9074 1859 1225 1527 1669 4412 7551 1192 407 615 2804 1987 3833 5859 7839 1073 889 7153 1879 1147 9053 504 3783 298 199 2071 3586 8460 1085 1145 10783 7370 4012 302 7869 7859 8083 11570
10791 8560 9613 1243 3544 11848 8761 6954 4783 4311 803 8025 5024
6367 4313 3449 10778 7853 2166 6087 10082 10418 11332 10721 10228 4656 2656
2282 35 2179 1306 3178 381 8616 7680
585
7197 10800 5111 5115
3465 8132 6720 5139 73 4163 10772 8189 122 6777 173 1300 9709 323 4079 3087 2074 5793 2285 7348 8855
6578 414 1426 264 5377 5818 2760 3893 439 4432 2129 1494 2402 3079 3494 317 882 4522 4556 2793 2345 100 649 5887 2289 398 5171 5951 9070 3077 1497 60 7318 6679 1417 4177 3886 8857 9657 8898 3164
1686 7172 9447
3528 3490 8040 8013 3196 1389 2819 4053 9207 4949 6164 6003 5000 5407 6686 4312 477 4681 1918 1476 7119 2170 4603 3959 6023 6222 6980 5536 6099 4766 7664 5908 5282 5140 3963 2982 8235 1791 8603 5243 6475 4171 3047 3599 5912 4099 8548 8816 5254 7814 9462 8628 3703 2171 8939 9150 9762 1531 6311 4928
7974 3542 3541
3660
3378 5528 9017 9126 5868 6391 4669 9741 7066 11665 6820 9155 11587 386 12318 6518 12035 10238 332 8490 2727 5156 7866 10971 8303 7786 10340 11877 10664 5776 1420 9289 9215 7305 6685 1138 12402 2138 11453 5743 10034 1952 9928 10513 5527
9861 5681 3747 5351 3522 7756 4496 5301 4118 5563 2141 5513 5458 1121 5559 5263 4938 5028 7428 4867 2292 2855 4323 3218 4258 3302 1673 6091 3753 1558 4633 3846 9450 9521 5095 6730 5670 1376 3645 2251 7255 3539 5201 3134 7005 1688 3822 7889 5018 4657 9293 4799 6129 4622 3621 3957 6193 7648
4553 2346
4338 744 1013 893 4104 2770 539 2797 4574 4523 5795 7970 2566 939 5577 391 1056 1120 1551 4566 2277 1993 9547 8136 6191 4161 438 7931 2925 1154
4936
2973 6323
12349 8752
6587 2093 2173 2000 11161 8336 10189 7696 2131 1670 5246 2954 2927 8193 5727 7085 6768 3929 4710 11156 6237 4062 9499 3005 7392 4114 9104 103 4131 7836 12279 2466 6445 9096 6567 721 9544 9487 3401 3018 4275 8646 5341 1008 6570 10432 8913 9485 5107 5640 3524 5227
441 1398 6653 6540 7155 6700 10061
10080 7725
10944 3069 10604 10903 11617 2034 10894 10358 5511 9652 7822 9569
3078 8996 21 9463 5126 1400 4713 7271 4215 5021 2496 5649 1714 4524 7280 2072 4360 2094 3200 6537 5395 1554 2209 4328 3911 1129 3369 2909 2831 1964 2826 5398 5736 5948 3761 5633 8612 5312 209 3928 4364 3895 5666 8465 6712 5087 4956 3924 3527 7643 7288 7206
9199
6278 9534 6274 5844 6157 6027 6363 8265 9273 9577 6392 9533 5858 3044 2190 7883 9117 1721 9722 5825 5597 6563 6072 6153 3338 6161 3991 9168 10027 7915 7666 5973 8805 6383 8931 8865 8737 7168 8709 8550 8593 5166
6843
7476 6659
5267
9353
7722 720 8956 8920 8257
3854 6243 3847 6971 5556 6589 6337 704 3943
1471 1346 1577
4255 4687 5613 2574 2598 4197 8735 7979
1148 7017 5320 1804 1324 5416 1323 1925 1321 945 6795 2897 1312 2331 2349 7576 140 2144 5181 45 6198 5946 930 7518 6725 5059 5053 9706 6918 6803 4891 5574 6818 3165 2682 753 3429 4504 3712 2887 3372 4146 5450 5614 687 5125 7446 2885 8135 1074 2543 2891 2960 3584 2650 2258
7342 3151 2419 3049 2471 6196 998 7564 7078
8041
4424 3004
6761
7233 8364
11330 10795 10231 11903 10405 4110 9819 3502 4246 6515 1716 4926 10932 11620 3081 10494 6451 8326 5110 5175 11516
3498 10582 8523 652 10033 5376 4391 2121 4899 8725 5615 4480 5084 7087 8339 7213 7899 9064 8972 7997 4000 8927 5149 9725 9746 6000 9946 7981 2539 6687
8082 8598 634 9884 8079 9254 5582 10169 8676 8143 10105 9137 10130 9535 9983 4825 9322
8958 2185 7973 10096 3356 3466 6378 5071 7142 6422 7289 1975 3821 1768 7840 3919 6453 4345 605 7248 6059 6044 6313 4007 4273 5896 6746 9362
9782 8244 7868
527
10923
9060
5853 5852 816 6005
9811
8173 1139 118 1652 55 3901 6298 6041 1663 739 2959 4 3193 604 30 2913 1175 3260 3367 4942 7026 463 7031 9181 331 3801 524 415 1125 9132 8448 5801 7934 4888 3608 6179 2477 2584 520 10322 3100 1180 6081 7952 11985 11619 6775 540 7893 259 5932 6128 4357 6284 7659 2343 8705 6228 1038
3642
7023 9857
6433 9695 5276 161 4835 112 8061 4264 10302 8823 4225 1935 5371
8019 8824 7302 10926 11064 7917 6168
1571
618 2341
3262
9818 7563 8854 6401 7300
11205 9667 10019 9664 9671 1370 9528
1278 921 1480 365 3236 2753 4460 1151 925 840 2155 4471 1071 2408 1459 2758 4306 874 2369 2370 6067 1481 3446 3659 2302 5794 7454 2240 192 349 497 892 598 4537 4072 3896 3237 3234 464 1902 653 4036 4621 7923 1258 3278 2912 7481 505 2620
3238
291
7327
7073 4552 8600 6108 9102 7539 7634 3253 3878 3406 3868 6560 5784 708 3038 9512 9330 8213 3071 4002 7986 5488 10327 6733 5193 7692 4608 7738 5358 4384 8320 8375 7780 9263 10843 8769 6533 5922 6413 6521 8853 2463 6485 3173 4541 4084 3865 10844 6693 4017 7920 6143 8848 7056
9953
10103 3617
10126 10090 10070
7187
3817 3780 7299 2078 5775 8537 7427 3880 9698 4981 7857 8793 4705
1374 2807 7874 6772 8969 5047 10660 7884 9313 3520 4195 8644 4708 11325 4462 3777 9656 10822 5891 1905 2904 7473 7828 1891 1485 4631 8503 10776 4747 9945 7724
4500 9480 7951
5214
6491 8570 1697 5851 7118 6743 4736 5862 1062 6236 9653 9141 6871 7544 9279 5916 11505
3086
10886 10603 565 12199 8477 12088 10649 10026 6758 12089 529 7827 12374 11934 11049 9812 10651 5092 8581 11788 9448 8651 11085 10586 11752 5240 10521 12091 8845 12196
4871
5994 10650 186 3722 9517 3297 5668 1443 763 3403 131 4008 617 3251 6353 8648 6608 6354 2971 7113 12492 843 8926 184 9719 467 10573 6148 10356 3858 3145 10818 4049 285 3851 8293
9037 1942 10689 7179 2084 3415 5106 1428 3793 1436 4207 1990 4482 3980 4844 4363 6071 3997 6122 1930 1671 5914 6380 3933 6547 4016 7878 4641 1865 6580 4406 6121 5969 4117 4064 932 5340 1837 4242 4661 4649 6080 4182 10470 9829 4063 5635 4006 7862 2821 1163 3615 1338 1114
9285
10342
1560 2262 2334 2062 1883 2083 1962 2648 2167 3576 800 2033 2444 3812 580 1271 2414 2276 2169 3282 1752 3080 3921 7969 2231 2514 1801 1909 2230 9498 2115 5105 9481 7517 7176 6682 2377 1856 7214 5514 2503 1496 151 2229 6221 1342 8561 8084 7366 8139 8992 6628 1088 1159 3088
1776
8873 4228
10889 10857 1452 2749
8968 10149 7701 10151 5400
7858 7714 2425
9152
7500
7281 9753 10459 2452 9457 8662 8770 10967 206 7287 7249 7672 5822 8624 8767 7865 7880 7879 4547 6339 8261 6163 11338 692 9283 11469 9560 9335 6297 3496
3592 7339 6224 8290 2505 2547 1466
3497
6172 6181
3072
10754
11744 11745
7222
8088 11604 11157 11346 8807 8724 4615 8852 2351
7259
10478
10563 11762 10262 9597 1359
10948 10177
4034
11102
5155 6480 4415 6654 10584 9389 3073 5882 5212 5526
1937 1747 4141 7506 3248 5786 3489 961 3511 1961 2608 2342 1568 1301 1849 3452 1357 1626 1537 1517 7418 2934 1280 651 2538 1492 5333 2516 2119 8311 1668 2359 2978 1387 2123 2873 2361 2781 2670 2692 312 2089 4691 762 2012 2272
10785
11452
4763
4506 95 2626 7663 6355 8821 9648 1451 47 7122 8406 330 11059 9188 425 188 1606 10461 1124
7687 7540
3231
8256
3215 4377 2734 2724 10491 1662 101 1410 8677 673 2553 3545 6300 668 2454 4154 3055 3007 5184 2850 2747 4847 3116 759 4341 4546 1722 3279 9988 2786 3948 3306 12554 7980 10301 7403 1583
8443
11365
8755 8058 9408 8576 9221
10029
11358 10550 11840 10451 10606
11506
11474
10823 9707 10928 10927
11282
11988 11754
9611 11074
6965
11698 9864
2449
6246 5929 2557 2403 6054 5980 5755 1991 5876 4715
12095
1252
8180 2314
5089
3325 3894 3988
972 2380
2740
2295
10445
12203
11398 3587 9110 5361 11320 4224 10190 3276 7718 2984
3419 3689 4857 4123 6640 6034 4562 6816 4256 2963 5579 2117 6321 4162 3441 6138 6188 4290 3738 4733 1035 2527 5453 6187 6089 3915 6479 6456 6631 3104 6683 9235 5925 6997 4854 5264 3630 2878 3625 5365 5353 9091 5483 6574 6280 6370 6443 6097 4568 6695 4810 8763 6012 3892 7819 6371 6696 6583 2950 9118
1224
7741 12337 7484
1911
11700
12071
12240
11173
8901
11912
1445
11067
12236
11486
12410
12435 12490
11748
11900
12347 12046
11275 8035 10935 8928 9018 10399 8961 8713 9163 8638 8318 10981 9837
2488
2457
12495 12513 12541 12494 12564 12574 12516 12520 12327 12514
11537 10484
10610 8017 322 345 10453
4048 7269
4158 7735
3818
6305
9919 10077 10914 8567 10793 2388 8574 10063 9504 9505
787 4811
2085 5841
193 11878
8246
9920
10878 6690 52 2063 46 2120 31 8517 197 7580 4204 93 9522 6276 608 6018 775 1026 2145 1096 142 4618 2216 2157 550 10452 306 9867 2045 8063 8408 2587 2967
12335 12576 12297 10987
4238 3190 375 6421 3907 521 978
8806
